<?xml version="1.0"?>
<!-- DTD for the XMLBIF 0.3 format -->
<!DOCTYPE BIF [
	<!ELEMENT BIF ( NETWORK )*>
	      <!ATTLIST BIF VERSION CDATA #REQUIRED>
	<!ELEMENT NETWORK ( NAME, ( PROPERTY | VARIABLE | DEFINITION )* )>
	<!ELEMENT NAME (#PCDATA)>
	<!ELEMENT VARIABLE ( NAME, ( OUTCOME |  PROPERTY )* ) >
	      <!ATTLIST VARIABLE TYPE (nature|decision|utility) "nature">
	<!ELEMENT OUTCOME (#PCDATA)>
	<!ELEMENT DEFINITION ( FOR | GIVEN | TABLE | PROPERTY )* >
	<!ELEMENT FOR (#PCDATA)>
	<!ELEMENT GIVEN (#PCDATA)>
	<!ELEMENT TABLE (#PCDATA)>
	<!ELEMENT PROPERTY (#PCDATA)>
]>


<BIF VERSION="0.3">
<NETWORK>
<NAME>bn_dataset-weka.filters.unsupervised.attribute.ReplaceMissingValues</NAME>
<VARIABLE TYPE="nature">
	<NAME>class_of_price</NAME>
	<OUTCOME>medium</OUTCOME>
	<OUTCOME>expensive</OUTCOME>
	<OUTCOME>affordable</OUTCOME>
	<OUTCOME>economy</OUTCOME>
	<OUTCOME>top_level</OUTCOME>
	<PROPERTY>position = (0,1152)</PROPERTY>
</VARIABLE>
<VARIABLE TYPE="nature">
	<NAME>host_response_rate</NAME>
	<OUTCOME>always_responds</OUTCOME>
	<OUTCOME>usually_responds</OUTCOME>
	<OUTCOME>never_responds</OUTCOME>
	<OUTCOME>often_responds</OUTCOME>
	<PROPERTY>position = (146,864)</PROPERTY>
</VARIABLE>
<VARIABLE TYPE="nature">
	<NAME>host_is_superhost</NAME>
	<OUTCOME>False</OUTCOME>
	<OUTCOME>True</OUTCOME>
	<PROPERTY>position = (0,672)</PROPERTY>
</VARIABLE>
<VARIABLE TYPE="nature">
	<NAME>is_center</NAME>
	<OUTCOME>True</OUTCOME>
	<OUTCOME>False</OUTCOME>
	<PROPERTY>position = (0,960)</PROPERTY>
</VARIABLE>
<VARIABLE TYPE="nature">
	<NAME>neighbourhood_cleansed</NAME>
	<OUTCOME>navigli</OUTCOME>
	<OUTCOME>viale_monza</OUTCOME>
	<OUTCOME>buenos_aires</OUTCOME>
	<OUTCOME>centrale</OUTCOME>
	<OUTCOME>duomo</OUTCOME>
	<OUTCOME>brera</OUTCOME>
	<OUTCOME>ticinese</OUTCOME>
	<OUTCOME>washington</OUTCOME>
	<OUTCOME>lambrate</OUTCOME>
	<OUTCOME>villapizzone</OUTCOME>
	<OUTCOME>guastalla</OUTCOME>
	<OUTCOME>isola</OUTCOME>
	<OUTCOME>citta_studi</OUTCOME>
	<OUTCOME>giambellino</OUTCOME>
	<OUTCOME>de_angeli_rosa</OUTCOME>
	<OUTCOME>bande_nere</OUTCOME>
	<OUTCOME>tortona</OUTCOME>
	<OUTCOME>xxii_marzo</OUTCOME>
	<OUTCOME>ghisolfa</OUTCOME>
	<OUTCOME>portello</OUTCOME>
	<OUTCOME>umbria</OUTCOME>
	<OUTCOME>parco_forlanini</OUTCOME>
	<OUTCOME>sarpi</OUTCOME>
	<OUTCOME>bovisa</OUTCOME>
	<OUTCOME>magenta_vittore</OUTCOME>
	<OUTCOME>loreto</OUTCOME>
	<OUTCOME>stadera</OUTCOME>
	<OUTCOME>vigentina</OUTCOME>
	<OUTCOME>garibaldi_repubblica</OUTCOME>
	<OUTCOME>lodi</OUTCOME>
	<OUTCOME>tibaldi</OUTCOME>
	<OUTCOME>forze_armate</OUTCOME>
	<OUTCOME>s_cristoforo</OUTCOME>
	<OUTCOME>pagano</OUTCOME>
	<OUTCOME>parco_lambro</OUTCOME>
	<OUTCOME>farini</OUTCOME>
	<OUTCOME>porta_romana</OUTCOME>
	<OUTCOME>greco</OUTCOME>
	<OUTCOME>padova</OUTCOME>
	<OUTCOME>ortomercato</OUTCOME>
	<OUTCOME>maciachini</OUTCOME>
	<OUTCOME>maggiore</OUTCOME>
	<OUTCOME>lorenteggio</OUTCOME>
	<OUTCOME>tre_torri</OUTCOME>
	<OUTCOME>barona</OUTCOME>
	<OUTCOME>adriano</OUTCOME>
	<OUTCOME>corsica</OUTCOME>
	<OUTCOME>ronchetto_sul_naviglio</OUTCOME>
	<OUTCOME>scalo_romana</OUTCOME>
	<OUTCOME>quarto_cagnino</OUTCOME>
	<OUTCOME>ex_om</OUTCOME>
	<OUTCOME>dergano</OUTCOME>
	<OUTCOME>rogoredo</OUTCOME>
	<OUTCOME>selinunte</OUTCOME>
	<OUTCOME>s_siro</OUTCOME>
	<OUTCOME>gallaratese</OUTCOME>
	<OUTCOME>mecenate</OUTCOME>
	<OUTCOME>qt_8</OUTCOME>
	<OUTCOME>niguarda_granda</OUTCOME>
	<OUTCOME>ripamonti</OUTCOME>
	<OUTCOME>affori</OUTCOME>
	<OUTCOME>baggio</OUTCOME>
	<OUTCOME>parco_monlue_lambro</OUTCOME>
	<OUTCOME>gratosoglio</OUTCOME>
	<OUTCOME>parco_sempione</OUTCOME>
	<OUTCOME>quarto_oggiaro</OUTCOME>
	<OUTCOME>comasina</OUTCOME>
	<OUTCOME>bovisasca</OUTCOME>
	<OUTCOME>parco_agricolo_sud</OUTCOME>
	<OUTCOME>parco_nord</OUTCOME>
	<OUTCOME>bicocca</OUTCOME>
	<OUTCOME>chiaravalle</OUTCOME>
	<OUTCOME>quinto_romano</OUTCOME>
	<OUTCOME>triulzo_superiore</OUTCOME>
	<OUTCOME>bruzzano</OUTCOME>
	<OUTCOME>figino</OUTCOME>
	<OUTCOME>parco_dei_navigli</OUTCOME>
	<OUTCOME>cantalupa</OUTCOME>
	<OUTCOME>trenno</OUTCOME>
	<OUTCOME>parco_delle_abbazie</OUTCOME>
	<OUTCOME>giardini_porta_venezia</OUTCOME>
	<OUTCOME>parco_bosco_in_citt</OUTCOME>
	<PROPERTY>position = (0,1056)</PROPERTY>
</VARIABLE>
<VARIABLE TYPE="nature">
	<NAME>number_of_reviews</NAME>
	<OUTCOME>some_reviews</OUTCOME>
	<OUTCOME>lot_of_reviews</OUTCOME>
	<OUTCOME>few_reviews</OUTCOME>
	<OUTCOME>no_reviews</OUTCOME>
	<PROPERTY>position = (0,864)</PROPERTY>
</VARIABLE>
<VARIABLE TYPE="nature">
	<NAME>review_scores_rating</NAME>
	<OUTCOME>low_rating</OUTCOME>
	<OUTCOME>top_rating</OUTCOME>
	<OUTCOME>nice_rating</OUTCOME>
	<OUTCOME>good_rating</OUTCOME>
	<PROPERTY>position = (0,768)</PROPERTY>
</VARIABLE>
<VARIABLE TYPE="nature">
	<NAME>long_term_stays_allowed</NAME>
	<OUTCOME>True</OUTCOME>
	<OUTCOME>False</OUTCOME>
	<PROPERTY>position = (146,960)</PROPERTY>
</VARIABLE>
<VARIABLE TYPE="nature">
	<NAME>washer</NAME>
	<OUTCOME>True</OUTCOME>
	<OUTCOME>False</OUTCOME>
	<PROPERTY>position = (438,192)</PROPERTY>
</VARIABLE>
<VARIABLE TYPE="nature">
	<NAME>dishes_and_silverware</NAME>
	<OUTCOME>True</OUTCOME>
	<OUTCOME>False</OUTCOME>
	<PROPERTY>position = (438,576)</PROPERTY>
</VARIABLE>
<VARIABLE TYPE="nature">
	<NAME>kitchen</NAME>
	<OUTCOME>True</OUTCOME>
	<OUTCOME>False</OUTCOME>
	<PROPERTY>position = (438,288)</PROPERTY>
</VARIABLE>
<VARIABLE TYPE="nature">
	<NAME>cooking_basics</NAME>
	<OUTCOME>True</OUTCOME>
	<OUTCOME>False</OUTCOME>
	<PROPERTY>position = (438,672)</PROPERTY>
</VARIABLE>
<VARIABLE TYPE="nature">
	<NAME>hair_dryer</NAME>
	<OUTCOME>True</OUTCOME>
	<OUTCOME>False</OUTCOME>
	<PROPERTY>position = (584,768)</PROPERTY>
</VARIABLE>
<VARIABLE TYPE="nature">
	<NAME>tv</NAME>
	<OUTCOME>True</OUTCOME>
	<OUTCOME>False</OUTCOME>
	<PROPERTY>position = (438,0)</PROPERTY>
</VARIABLE>
<VARIABLE TYPE="nature">
	<NAME>hangers</NAME>
	<OUTCOME>True</OUTCOME>
	<OUTCOME>False</OUTCOME>
	<PROPERTY>position = (584,864)</PROPERTY>
</VARIABLE>
<VARIABLE TYPE="nature">
	<NAME>essentials</NAME>
	<OUTCOME>True</OUTCOME>
	<OUTCOME>False</OUTCOME>
	<PROPERTY>position = (438,960)</PROPERTY>
</VARIABLE>
<VARIABLE TYPE="nature">
	<NAME>hot_water</NAME>
	<OUTCOME>True</OUTCOME>
	<OUTCOME>False</OUTCOME>
	<PROPERTY>position = (584,672)</PROPERTY>
</VARIABLE>
<VARIABLE TYPE="nature">
	<NAME>bed_linens</NAME>
	<OUTCOME>True</OUTCOME>
	<OUTCOME>False</OUTCOME>
	<PROPERTY>position = (146,576)</PROPERTY>
</VARIABLE>
<VARIABLE TYPE="nature">
	<NAME>heating</NAME>
	<OUTCOME>True</OUTCOME>
	<OUTCOME>False</OUTCOME>
	<PROPERTY>position = (438,96)</PROPERTY>
</VARIABLE>
<VARIABLE TYPE="nature">
	<NAME>iron</NAME>
	<OUTCOME>True</OUTCOME>
	<OUTCOME>False</OUTCOME>
	<PROPERTY>position = (730,864)</PROPERTY>
</VARIABLE>
<VARIABLE TYPE="nature">
	<NAME>dedicated_workspace</NAME>
	<OUTCOME>True</OUTCOME>
	<OUTCOME>False</OUTCOME>
	<PROPERTY>position = (584,960)</PROPERTY>
</VARIABLE>
<VARIABLE TYPE="nature">
	<NAME>shampoo</NAME>
	<OUTCOME>False</OUTCOME>
	<OUTCOME>True</OUTCOME>
	<PROPERTY>position = (730,960)</PROPERTY>
</VARIABLE>
<VARIABLE TYPE="nature">
	<NAME>wifi</NAME>
	<OUTCOME>False</OUTCOME>
	<OUTCOME>True</OUTCOME>
	<PROPERTY>position = (876,960)</PROPERTY>
</VARIABLE>
<VARIABLE TYPE="nature">
	<NAME>air_conditioning</NAME>
	<OUTCOME>False</OUTCOME>
	<OUTCOME>True</OUTCOME>
	<PROPERTY>position = (730,672)</PROPERTY>
</VARIABLE>
<VARIABLE TYPE="nature">
	<NAME>elevator</NAME>
	<OUTCOME>False</OUTCOME>
	<OUTCOME>True</OUTCOME>
	<PROPERTY>position = (146,1152)</PROPERTY>
</VARIABLE>
<VARIABLE TYPE="nature">
	<NAME>microwave</NAME>
	<OUTCOME>False</OUTCOME>
	<OUTCOME>True</OUTCOME>
	<PROPERTY>position = (292,576)</PROPERTY>
</VARIABLE>
<VARIABLE TYPE="nature">
	<NAME>stove</NAME>
	<OUTCOME>False</OUTCOME>
	<OUTCOME>True</OUTCOME>
	<PROPERTY>position = (438,384)</PROPERTY>
</VARIABLE>
<VARIABLE TYPE="nature">
	<NAME>coffee_maker</NAME>
	<OUTCOME>False</OUTCOME>
	<OUTCOME>True</OUTCOME>
	<PROPERTY>position = (0,576)</PROPERTY>
</VARIABLE>
<VARIABLE TYPE="nature">
	<NAME>dishwasher</NAME>
	<OUTCOME>False</OUTCOME>
	<OUTCOME>True</OUTCOME>
	<PROPERTY>position = (584,576)</PROPERTY>
</VARIABLE>
<VARIABLE TYPE="nature">
	<NAME>oven</NAME>
	<OUTCOME>False</OUTCOME>
	<OUTCOME>True</OUTCOME>
	<PROPERTY>position = (730,576)</PROPERTY>
</VARIABLE>
<VARIABLE TYPE="nature">
	<NAME>refrigerator</NAME>
	<OUTCOME>False</OUTCOME>
	<OUTCOME>True</OUTCOME>
	<PROPERTY>position = (438,480)</PROPERTY>
</VARIABLE>
<DEFINITION>
<FOR>class_of_price</FOR>
	<GIVEN>neighbourhood_cleansed</GIVEN>
<TABLE>
0.7969543147208121 0.12487309644670051 0.05177664974619289 0.019289340101522844 0.007106598984771574 
0.678391959798995 0.035175879396984924 0.18592964824120603 0.08542713567839195 0.01507537688442211 
0.8103061986557132 0.09932785660941 0.07094846900672143 0.014189693801344288 0.005227781926811053 
0.739385065885798 0.12152269399707175 0.0951683748169839 0.03367496339677892 0.010248901903367497 
0.7676855895196506 0.18951965065502183 0.011353711790393014 0.00611353711790393 0.025327510917030567 
0.7691401648998822 0.1872791519434629 0.01060070671378092 0.005889281507656066 0.027090694935217905 
0.7746144721233689 0.11981020166073547 0.07947805456702253 0.022538552787663108 0.0035587188612099642 
0.7595907928388747 0.11508951406649616 0.08951406649616368 0.028132992327365727 0.0076726342710997444 
0.5867768595041323 0.10743801652892562 0.14049586776859505 0.15702479338842976 0.008264462809917356 
0.6521739130434783 0.03678929765886288 0.25752508361204013 0.05016722408026756 0.0033444816053511705 
0.7557251908396947 0.16539440203562342 0.05343511450381679 0.002544529262086514 0.022900763358778626 
0.7678812415654521 0.12550607287449392 0.07152496626180836 0.02564102564102564 0.009446693657219974 
0.6940133037694013 0.09977827050997783 0.14412416851441243 0.05543237250554324 0.0066518847006651885 
0.6470588235294118 0.1393188854489164 0.15789473684210525 0.04643962848297214 0.009287925696594427 
0.7401812688821753 0.12386706948640483 0.09365558912386707 0.03927492447129909 0.0030211480362537764 
0.7111913357400722 0.08303249097472924 0.16967509025270758 0.02527075812274368 0.010830324909747292 
0.7432712215320911 0.14285714285714285 0.08074534161490683 0.022774327122153208 0.010351966873706004 
0.7347294938917975 0.14136125654450263 0.0924956369982548 0.02617801047120419 0.005235602094240838 
0.7023255813953488 0.06976744186046512 0.14418604651162792 0.06976744186046512 0.013953488372093023 
0.7364341085271318 0.13178294573643412 0.10077519379844961 0.007751937984496124 0.023255813953488372 
0.7397769516728625 0.055762081784386616 0.1821561338289963 0.01858736059479554 0.0037174721189591076 
0.5121951219512195 0.12195121951219512 0.12195121951219512 0.21951219512195122 0.024390243902439025 
0.7699680511182109 0.12034078807241747 0.07987220447284345 0.013844515441959531 0.01597444089456869 
0.6647398843930635 0.05202312138728324 0.1791907514450867 0.09826589595375723 0.005780346820809248 
0.7828810020876826 0.15657620041753653 0.027139874739039668 0.010438413361169102 0.022964509394572025 
0.6875871687587168 0.06555090655509066 0.17712691771269176 0.06834030683403068 0.001394700139470014 
0.6510638297872341 0.03829787234042553 0.2170212765957447 0.08936170212765958 0.00425531914893617 
0.7684210526315789 0.05964912280701754 0.08771929824561403 0.05263157894736842 0.031578947368421054 
0.7323420074349443 0.17472118959107807 0.040892193308550186 0.026022304832713755 0.026022304832713755 
0.6958174904942965 0.07224334600760456 0.17870722433460076 0.04182509505703422 0.011406844106463879 
0.6556776556776557 0.08424908424908426 0.14285714285714285 0.10622710622710622 0.01098901098901099 
0.5849056603773585 0.05660377358490566 0.1320754716981132 0.20754716981132076 0.018867924528301886 
0.6236162361623616 0.09225092250922509 0.18081180811808117 0.07749077490774908 0.025830258302583026 
0.6766467065868264 0.24550898203592814 0.041916167664670656 0.005988023952095809 0.029940119760479042 
0.6691729323308271 0.022556390977443608 0.17293233082706766 0.12781954887218044 0.007518796992481203 
0.6761904761904762 0.1619047619047619 0.12380952380952381 0.009523809523809525 0.02857142857142857 
0.8314350797266514 0.07972665148063782 0.07061503416856492 0.015945330296127564 0.002277904328018223 
0.6275862068965518 0.020689655172413793 0.2413793103448276 0.0896551724137931 0.020689655172413793 
0.6207951070336392 0.0581039755351682 0.20489296636085627 0.10703363914373089 0.009174311926605505 
0.5675675675675675 0.02702702702702703 0.2972972972972973 0.02702702702702703 0.08108108108108109 
0.6431535269709544 0.11203319502074689 0.17842323651452283 0.06224066390041494 0.004149377593360996 
0.6056338028169014 0.014084507042253521 0.352112676056338 0.014084507042253521 0.014084507042253521 
0.6610169491525424 0.01694915254237288 0.15254237288135594 0.15254237288135594 0.01694915254237288 
0.7037037037037037 0.1111111111111111 0.1111111111111111 0.037037037037037035 0.037037037037037035 
0.3939393939393939 0.15151515151515152 0.3939393939393939 0.030303030303030304 0.030303030303030304 
0.4666666666666667 0.022222222222222223 0.28888888888888886 0.15555555555555556 0.06666666666666667 
0.6872037914691943 0.0995260663507109 0.14691943127962084 0.052132701421800945 0.014218009478672985 
0.5047619047619047 0.047619047619047616 0.29523809523809524 0.14285714285714285 0.009523809523809525 
0.6870748299319728 0.08843537414965986 0.1564625850340136 0.061224489795918366 0.006802721088435374 
0.4857142857142857 0.14285714285714285 0.14285714285714285 0.2 0.02857142857142857 
0.5922330097087378 0.18446601941747573 0.1262135922330097 0.08737864077669903 0.009708737864077669 
0.6561085972850679 0.06787330316742081 0.1493212669683258 0.11312217194570136 0.013574660633484163 
0.7894736842105263 0.05263157894736842 0.12280701754385964 0.017543859649122806 0.017543859649122806 
0.6390977443609023 0.08270676691729323 0.20300751879699247 0.06766917293233082 0.007518796992481203 
0.5238095238095238 0.18095238095238095 0.21904761904761905 0.047619047619047616 0.02857142857142857 
0.6129032258064516 0.0967741935483871 0.22580645161290322 0.053763440860215055 0.010752688172043012 
0.84 0.04 0.04 0.06666666666666667 0.013333333333333334 
0.7948717948717948 0.02564102564102564 0.1282051282051282 0.02564102564102564 0.02564102564102564 
0.5315315315315315 0.04504504504504504 0.3333333333333333 0.08108108108108109 0.009009009009009009 
0.6043956043956044 0.0989010989010989 0.18681318681318682 0.07692307692307693 0.03296703296703297 
0.5725190839694656 0.03816793893129771 0.3435114503816794 0.03816793893129771 0.007633587786259542 
0.2558139534883721 0.06976744186046512 0.3023255813953488 0.3488372093023256 0.023255813953488372 
0.6363636363636364 0.030303030303030304 0.21212121212121213 0.09090909090909091 0.030303030303030304 
0.52 0.04 0.36 0.04 0.04 
0.7575757575757576 0.09090909090909091 0.09090909090909091 0.030303030303030304 0.030303030303030304 
0.5849056603773585 0.09433962264150944 0.24528301886792453 0.05660377358490566 0.018867924528301886 
0.3333333333333333 0.06666666666666667 0.4666666666666667 0.06666666666666667 0.06666666666666667 
0.38461538461538464 0.07692307692307693 0.38461538461538464 0.07692307692307693 0.07692307692307693 
0.1111111111111111 0.1111111111111111 0.5555555555555556 0.1111111111111111 0.1111111111111111 
0.3333333333333333 0.1111111111111111 0.3333333333333333 0.1111111111111111 0.1111111111111111 
0.7560975609756098 0.024390243902439025 0.12195121951219512 0.07317073170731707 0.024390243902439025 
0.5555555555555556 0.1111111111111111 0.1111111111111111 0.1111111111111111 0.1111111111111111 
0.23076923076923078 0.07692307692307693 0.23076923076923078 0.38461538461538464 0.07692307692307693 
0.47368421052631576 0.05263157894736842 0.2631578947368421 0.15789473684210525 0.05263157894736842 
0.5757575757575758 0.09090909090909091 0.21212121212121213 0.09090909090909091 0.030303030303030304 
0.45454545454545453 0.09090909090909091 0.2727272727272727 0.09090909090909091 0.09090909090909091 
0.5555555555555556 0.1111111111111111 0.1111111111111111 0.1111111111111111 0.1111111111111111 
0.38461538461538464 0.23076923076923078 0.07692307692307693 0.23076923076923078 0.07692307692307693 
0.3333333333333333 0.1111111111111111 0.1111111111111111 0.3333333333333333 0.1111111111111111 
0.3333333333333333 0.1111111111111111 0.1111111111111111 0.3333333333333333 0.1111111111111111 
0.7647058823529411 0.058823529411764705 0.058823529411764705 0.058823529411764705 0.058823529411764705 
0.1111111111111111 0.1111111111111111 0.3333333333333333 0.3333333333333333 0.1111111111111111 
</TABLE>
</DEFINITION>
<DEFINITION>
<FOR>host_response_rate</FOR>
	<GIVEN>review_scores_rating</GIVEN>
<TABLE>
0.7189533622559653 0.17285791757049893 0.01504880694143167 0.09313991323210412 
0.8248743718592965 0.12035175879396985 0.02035175879396985 0.03442211055276382 
0.8632764920828259 0.11175395858708892 0.010657734470158343 0.014311814859926919 
0.7779764946346449 0.13617782319877364 0.043178334184977005 0.04266734798160449 
</TABLE>
</DEFINITION>
<DEFINITION>
<FOR>host_is_superhost</FOR>
	<GIVEN>coffee_maker</GIVEN>
<TABLE>
0.9056181959564541 0.09438180404354587 
0.6919069542040223 0.3080930457959777 
</TABLE>
</DEFINITION>
<DEFINITION>
<FOR>is_center</FOR>
	<GIVEN>number_of_reviews</GIVEN>
<TABLE>
0.6248359580052494 0.3751640419947507 
0.6868807652886915 0.3131192347113085 
0.6389365351629502 0.36106346483704976 
0.6057090239410682 0.3942909760589319 
</TABLE>
</DEFINITION>
<DEFINITION>
<FOR>neighbourhood_cleansed</FOR>
	<GIVEN>is_center</GIVEN>
<TABLE>
0.08214704404622342 8.373806732540613E-5 0.11179031987941718 0.056858147713950764 0.0955451348182884 0.07075866688996818 0.07025623848601574 0.032406632054932175 8.373806732540613E-5 8.373806732540613E-5 0.032574108189582986 0.06171495561882432 8.373806732540613E-5 8.373806732540613E-5 8.373806732540613E-5 8.373806732540613E-5 0.04011053424886954 0.047646960308156086 0.017668732205660693 0.010467258415675766 8.373806732540613E-5 8.373806732540613E-5 0.07829509294925473 8.373806732540613E-5 8.373806732540613E-5 0.05970524200301457 8.373806732540613E-5 8.373806732540613E-5 0.022190587841232623 8.373806732540613E-5 8.373806732540613E-5 8.373806732540613E-5 8.373806732540613E-5 0.0136493049740412 8.373806732540613E-5 0.00845754479986602 0.03642605928655167 8.373806732540613E-5 8.373806732540613E-5 8.373806732540613E-5 0.019845921956121254 8.373806732540613E-5 8.373806732540613E-5 0.001925975548484341 8.373806732540613E-5 8.373806732540613E-5 8.373806732540613E-5 8.373806732540613E-5 0.011974543627533077 8.373806732540613E-5 0.008290068665215207 8.373806732540613E-5 8.373806732540613E-5 8.373806732540613E-5 8.373806732540613E-5 8.373806732540613E-5 8.373806732540613E-5 8.373806732540613E-5 8.373806732540613E-5 8.373806732540613E-5 8.373806732540613E-5 8.373806732540613E-5 8.373806732540613E-5 8.373806732540613E-5 0.002428403952436778 8.373806732540613E-5 8.373806732540613E-5 7.536426059286551E-4 4.1869033662703066E-4 8.373806732540613E-5 8.373806732540613E-5 8.373806732540613E-5 8.373806732540613E-5 8.373806732540613E-5 8.373806732540613E-5 8.373806732540613E-5 8.373806732540613E-5 8.373806732540613E-5 8.373806732540613E-5 8.373806732540613E-5 0.0010885948752302798 8.373806732540613E-5 
1.4792899408284024E-4 0.028846153846153848 1.4792899408284024E-4 1.4792899408284024E-4 1.4792899408284024E-4 1.4792899408284024E-4 1.4792899408284024E-4 1.4792899408284024E-4 0.01730769230769231 0.04363905325443787 1.4792899408284024E-4 1.4792899408284024E-4 0.06612426035502958 0.04718934911242603 0.04837278106508876 0.04038461538461539 1.4792899408284024E-4 1.4792899408284024E-4 1.4792899408284024E-4 1.4792899408284024E-4 0.03920118343195266 0.005473372781065089 1.4792899408284024E-4 0.025 0.07026627218934911 1.4792899408284024E-4 0.0341715976331361 0.041568047337278105 1.4792899408284024E-4 0.03831360946745562 0.039792899408284024 0.007248520710059172 0.039497041420118346 1.4792899408284024E-4 0.01908284023668639 1.4792899408284024E-4 1.4792899408284024E-4 0.020857988165680474 0.047781065088757395 0.004881656804733727 1.4792899408284024E-4 0.009911242603550295 0.008136094674556213 1.4792899408284024E-4 0.004289940828402367 0.00606508875739645 0.03062130177514793 0.014940828402366864 1.4792899408284024E-4 0.004585798816568047 1.4792899408284024E-4 0.03210059171597633 0.007840236686390533 0.01908284023668639 0.014940828402366864 0.013165680473372781 0.010502958579881656 0.005177514792899409 0.015828402366863906 0.012869822485207101 0.01878698224852071 0.0057692307692307696 0.004289940828402367 0.003106508875739645 1.4792899408284024E-4 0.007248520710059172 0.0016272189349112425 1.4792899408284024E-4 1.4792899408284024E-4 7.396449704142012E-4 0.005473372781065089 7.396449704142012E-4 0.0013313609467455621 0.0022189349112426036 0.004289940828402367 0.0010355029585798817 7.396449704142012E-4 0.0013313609467455621 7.396449704142012E-4 7.396449704142012E-4 1.4792899408284024E-4 7.396449704142012E-4 
</TABLE>
</DEFINITION>
<DEFINITION>
<FOR>number_of_reviews</FOR>
	<GIVEN>review_scores_rating</GIVEN>
<TABLE>
0.43370390455531455 0.40821583514099785 0.07036334056399132 0.08771691973969631 
0.4399497487437186 0.09170854271356783 0.16256281407035175 0.3057788944723618 
0.285931790499391 0.7134591961023142 3.045066991473812E-4 3.045066991473812E-4 
0.05339805825242718 0.035002554931016866 2.554931016862545E-4 0.9113438937148697 
</TABLE>
</DEFINITION>
<DEFINITION>
<FOR>review_scores_rating</FOR>
	<GIVEN>host_is_superhost</GIVEN>
<TABLE>
0.4405189620758483 0.20978043912175648 0.10359281437125749 0.24610778443113773 
0.21416382252559726 0.23464163822525597 0.4906143344709898 0.060580204778156996 
</TABLE>
</DEFINITION>
<DEFINITION>
<FOR>long_term_stays_allowed</FOR>
	<GIVEN>host_response_rate</GIVEN>
<TABLE>
0.8056554203539823 0.1943445796460177 
0.8917797888386124 0.10822021116138764 
0.7131979695431472 0.2868020304568528 
0.9893822393822393 0.010617760617760617 
</TABLE>
</DEFINITION>
<DEFINITION>
<FOR>washer</FOR>
	<GIVEN>heating</GIVEN>
<TABLE>
0.8358475356978351 0.1641524643021649 
0.49148211243611584 0.5085178875638842 
</TABLE>
</DEFINITION>
<DEFINITION>
<FOR>dishes_and_silverware</FOR>
	<GIVEN>refrigerator</GIVEN>
<TABLE>
0.1317357512953368 0.8682642487046632 
0.9361485862132692 0.06385141378673073 
</TABLE>
</DEFINITION>
<DEFINITION>
<FOR>kitchen</FOR>
	<GIVEN>washer</GIVEN>
<TABLE>
0.9770107327414866 0.022989267258513316 
0.847737819025522 0.15226218097447797 
</TABLE>
</DEFINITION>
<DEFINITION>
<FOR>cooking_basics</FOR>
	<GIVEN>dishes_and_silverware</GIVEN>
<TABLE>
0.8641011840688912 0.13589881593110872 
0.10914254801190154 0.8908574519880984 
</TABLE>
</DEFINITION>
<DEFINITION>
<FOR>hair_dryer</FOR>
	<GIVEN>hot_water</GIVEN>
<TABLE>
0.9496268656716418 0.05037313432835821 
0.7339877695526231 0.2660122304473769 
</TABLE>
</DEFINITION>
<DEFINITION>
<FOR>tv</FOR>
<TABLE>
0.7093311758360302 0.2906688241639698 
</TABLE>
</DEFINITION>
<DEFINITION>
<FOR>hangers</FOR>
	<GIVEN>hair_dryer</GIVEN>
<TABLE>
0.8707278091959676 0.12927219080403246 
0.3654353562005277 0.6345646437994723 
</TABLE>
</DEFINITION>
<DEFINITION>
<FOR>essentials</FOR>
	<GIVEN>hangers</GIVEN>
<TABLE>
0.9751267004534543 0.024873299546545744 
0.7323745064861816 0.26762549351381837 
</TABLE>
</DEFINITION>
<DEFINITION>
<FOR>hot_water</FOR>
	<GIVEN>dishes_and_silverware</GIVEN>
<TABLE>
0.9053641908862576 0.09463580911374238 
0.3022721125236678 0.6977278874763322 
</TABLE>
</DEFINITION>
<DEFINITION>
<FOR>bed_linens</FOR>
	<GIVEN>refrigerator</GIVEN>
<TABLE>
0.1211139896373057 0.8788860103626943 
0.7435778968767326 0.2564221031232674 
</TABLE>
</DEFINITION>
<DEFINITION>
<FOR>heating</FOR>
	<GIVEN>tv</GIVEN>
<TABLE>
0.9546076642335767 0.045392335766423354 
0.8929499072356215 0.10705009276437848 
</TABLE>
</DEFINITION>
<DEFINITION>
<FOR>iron</FOR>
	<GIVEN>hair_dryer</GIVEN>
<TABLE>
0.8585566756823211 0.1414433243176789 
0.20008795074758134 0.7999120492524187 
</TABLE>
</DEFINITION>
<DEFINITION>
<FOR>dedicated_workspace</FOR>
	<GIVEN>hangers</GIVEN>
<TABLE>
0.760669511869832 0.23933048813016805 
0.3048505358150028 0.6951494641849972 
</TABLE>
</DEFINITION>
<DEFINITION>
<FOR>shampoo</FOR>
	<GIVEN>hangers</GIVEN>
<TABLE>
0.23532942117898106 0.764670578821019 
0.5896785109983079 0.4103214890016921 
</TABLE>
</DEFINITION>
<DEFINITION>
<FOR>wifi</FOR>
	<GIVEN>iron</GIVEN>
<TABLE>
0.06732769380113715 0.9326723061988629 
0.2308252427184466 0.7691747572815534 
</TABLE>
</DEFINITION>
<DEFINITION>
<FOR>air_conditioning</FOR>
	<GIVEN>dishwasher</GIVEN>
<TABLE>
0.3408410904255319 0.6591589095744681 
0.16973886328725038 0.8302611367127496 
</TABLE>
</DEFINITION>
<DEFINITION>
<FOR>elevator</FOR>
	<GIVEN>neighbourhood_cleansed</GIVEN>
<TABLE>
0.5651731160896131 0.434826883910387 
0.5357142857142857 0.4642857142857143 
0.4124251497005988 0.5875748502994012 
0.3985294117647059 0.6014705882352941 
0.4054290718038529 0.5945709281961471 
0.3959810874704492 0.6040189125295509 
0.5464285714285714 0.45357142857142857 
0.3788659793814433 0.6211340206185567 
0.652542372881356 0.3474576271186441 
0.6047297297297297 0.3952702702702703 
0.3923076923076923 0.6076923076923076 
0.518970189701897 0.481029810298103 
0.4486607142857143 0.5513392857142857 
0.409375 0.590625 
0.38109756097560976 0.6189024390243902 
0.38321167883211676 0.6167883211678832 
0.46041666666666664 0.5395833333333333 
0.39473684210526316 0.6052631578947368 
0.5141509433962265 0.4858490566037736 
0.30952380952380953 0.6904761904761905 
0.4774436090225564 0.5225563909774437 
0.9210526315789473 0.07894736842105263 
0.44764957264957267 0.5523504273504274 
0.6411764705882353 0.3588235294117647 
0.4012605042016807 0.5987394957983193 
0.5700280112044818 0.42997198879551823 
0.5387931034482759 0.46120689655172414 
0.5141843971631206 0.4858156028368794 
0.4849624060150376 0.5150375939849624 
0.47307692307692306 0.5269230769230769 
0.6111111111111112 0.3888888888888889 
0.34 0.66 
0.6007462686567164 0.39925373134328357 
0.3353658536585366 0.6646341463414634 
0.45384615384615384 0.5461538461538461 
0.5784313725490197 0.4215686274509804 
0.49770642201834864 0.5022935779816514 
0.45774647887323944 0.5422535211267606 
0.6820987654320988 0.31790123456790126 
0.4411764705882353 0.5588235294117647 
0.5336134453781513 0.46638655462184875 
0.6029411764705882 0.39705882352941174 
0.5535714285714286 0.44642857142857145 
0.2916666666666667 0.7083333333333334 
0.6333333333333333 0.36666666666666664 
0.35714285714285715 0.6428571428571429 
0.4375 0.5625 
0.5 0.5 
0.5347222222222222 0.4652777777777778 
0.34375 0.65625 
0.57 0.43 
0.6009174311926605 0.39908256880733944 
0.46296296296296297 0.5370370370370371 
0.5153846153846153 0.4846153846153846 
0.4215686274509804 0.5784313725490197 
0.32222222222222224 0.6777777777777778 
0.375 0.625 
0.4722222222222222 0.5277777777777778 
0.4351851851851852 0.5648148148148148 
0.48863636363636365 0.5113636363636364 
0.6953125 0.3046875 
0.725 0.275 
0.8333333333333334 0.16666666666666666 
0.5 0.5 
0.36666666666666664 0.6333333333333333 
0.5 0.5 
0.25 0.75 
0.7 0.3 
0.8333333333333334 0.16666666666666666 
0.8333333333333334 0.16666666666666666 
0.23684210526315788 0.7631578947368421 
0.5 0.5 
0.5 0.5 
0.8125 0.1875 
0.5666666666666667 0.43333333333333335 
0.375 0.625 
0.8333333333333334 0.16666666666666666 
0.5 0.5 
0.5 0.5 
0.5 0.5 
0.5 0.5 
0.8333333333333334 0.16666666666666666 
</TABLE>
</DEFINITION>
<DEFINITION>
<FOR>microwave</FOR>
	<GIVEN>refrigerator</GIVEN>
<TABLE>
0.9612694300518134 0.03873056994818653 
0.3745148771021992 0.6254851228978008 
</TABLE>
</DEFINITION>
<DEFINITION>
<FOR>stove</FOR>
	<GIVEN>kitchen</GIVEN>
<TABLE>
0.5392756083757781 0.46072439162422185 
0.9415137614678899 0.058486238532110095 
</TABLE>
</DEFINITION>
<DEFINITION>
<FOR>coffee_maker</FOR>
	<GIVEN>refrigerator</GIVEN>
<TABLE>
0.9091968911917099 0.09080310880829015 
0.30206985769728334 0.6979301423027167 
</TABLE>
</DEFINITION>
<DEFINITION>
<FOR>dishwasher</FOR>
	<GIVEN>refrigerator</GIVEN>
<TABLE>
0.9527202072538861 0.04727979274611399 
0.4321751986693772 0.5678248013306229 
</TABLE>
</DEFINITION>
<DEFINITION>
<FOR>oven</FOR>
	<GIVEN>refrigerator</GIVEN>
<TABLE>
0.980699481865285 0.019300518134715026 
0.3087229717242654 0.6912770282757346 
</TABLE>
</DEFINITION>
<DEFINITION>
<FOR>refrigerator</FOR>
	<GIVEN>stove</GIVEN>
<TABLE>
0.7326570048309179 0.2673429951690821 
0.0167236328125 0.9832763671875 
</TABLE>
</DEFINITION>
</NETWORK>
</BIF>
