<?xml version="1.0"?>
<!-- DTD for the XMLBIF 0.3 format -->
<!DOCTYPE BIF [
	<!ELEMENT BIF ( NETWORK )*>
	      <!ATTLIST BIF VERSION CDATA #REQUIRED>
	<!ELEMENT NETWORK ( NAME, ( PROPERTY | VARIABLE | DEFINITION )* )>
	<!ELEMENT NAME (#PCDATA)>
	<!ELEMENT VARIABLE ( NAME, ( OUTCOME |  PROPERTY )* ) >
	      <!ATTLIST VARIABLE TYPE (nature|decision|utility) "nature">
	<!ELEMENT OUTCOME (#PCDATA)>
	<!ELEMENT DEFINITION ( FOR | GIVEN | TABLE | PROPERTY )* >
	<!ELEMENT FOR (#PCDATA)>
	<!ELEMENT GIVEN (#PCDATA)>
	<!ELEMENT TABLE (#PCDATA)>
	<!ELEMENT PROPERTY (#PCDATA)>
]>


<BIF VERSION="0.3">
<NETWORK>
<NAME>bn_dataset-weka.filters.unsupervised.attribute.ReplaceMissingValues</NAME>
<VARIABLE TYPE="nature">
	<NAME>class_of_price</NAME>
	<OUTCOME>medium</OUTCOME>
	<OUTCOME>expensive</OUTCOME>
	<OUTCOME>affordable</OUTCOME>
	<OUTCOME>economy</OUTCOME>
	<OUTCOME>top_level</OUTCOME>
	<PROPERTY>position = (876,192)</PROPERTY>
</VARIABLE>
<VARIABLE TYPE="nature">
	<NAME>host_response_rate</NAME>
	<OUTCOME>always_responds</OUTCOME>
	<OUTCOME>usually_responds</OUTCOME>
	<OUTCOME>never_responds</OUTCOME>
	<OUTCOME>often_responds</OUTCOME>
	<PROPERTY>position = (1314,1152)</PROPERTY>
</VARIABLE>
<VARIABLE TYPE="nature">
	<NAME>host_is_superhost</NAME>
	<OUTCOME>False</OUTCOME>
	<OUTCOME>True</OUTCOME>
	<PROPERTY>position = (1898,960)</PROPERTY>
</VARIABLE>
<VARIABLE TYPE="nature">
	<NAME>is_center</NAME>
	<OUTCOME>True</OUTCOME>
	<OUTCOME>False</OUTCOME>
	<PROPERTY>position = (730,0)</PROPERTY>
</VARIABLE>
<VARIABLE TYPE="nature">
	<NAME>neighbourhood_cleansed</NAME>
	<OUTCOME>navigli</OUTCOME>
	<OUTCOME>viale_monza</OUTCOME>
	<OUTCOME>buenos_aires</OUTCOME>
	<OUTCOME>centrale</OUTCOME>
	<OUTCOME>duomo</OUTCOME>
	<OUTCOME>brera</OUTCOME>
	<OUTCOME>ticinese</OUTCOME>
	<OUTCOME>washington</OUTCOME>
	<OUTCOME>lambrate</OUTCOME>
	<OUTCOME>villapizzone</OUTCOME>
	<OUTCOME>guastalla</OUTCOME>
	<OUTCOME>isola</OUTCOME>
	<OUTCOME>citta_studi</OUTCOME>
	<OUTCOME>giambellino</OUTCOME>
	<OUTCOME>de_angeli_rosa</OUTCOME>
	<OUTCOME>bande_nere</OUTCOME>
	<OUTCOME>tortona</OUTCOME>
	<OUTCOME>xxii_marzo</OUTCOME>
	<OUTCOME>ghisolfa</OUTCOME>
	<OUTCOME>portello</OUTCOME>
	<OUTCOME>umbria</OUTCOME>
	<OUTCOME>parco_forlanini</OUTCOME>
	<OUTCOME>sarpi</OUTCOME>
	<OUTCOME>bovisa</OUTCOME>
	<OUTCOME>magenta_vittore</OUTCOME>
	<OUTCOME>loreto</OUTCOME>
	<OUTCOME>stadera</OUTCOME>
	<OUTCOME>vigentina</OUTCOME>
	<OUTCOME>garibaldi_repubblica</OUTCOME>
	<OUTCOME>lodi</OUTCOME>
	<OUTCOME>tibaldi</OUTCOME>
	<OUTCOME>forze_armate</OUTCOME>
	<OUTCOME>s_cristoforo</OUTCOME>
	<OUTCOME>pagano</OUTCOME>
	<OUTCOME>parco_lambro</OUTCOME>
	<OUTCOME>farini</OUTCOME>
	<OUTCOME>porta_romana</OUTCOME>
	<OUTCOME>greco</OUTCOME>
	<OUTCOME>padova</OUTCOME>
	<OUTCOME>ortomercato</OUTCOME>
	<OUTCOME>maciachini</OUTCOME>
	<OUTCOME>maggiore</OUTCOME>
	<OUTCOME>lorenteggio</OUTCOME>
	<OUTCOME>tre_torri</OUTCOME>
	<OUTCOME>barona</OUTCOME>
	<OUTCOME>adriano</OUTCOME>
	<OUTCOME>corsica</OUTCOME>
	<OUTCOME>ronchetto_sul_naviglio</OUTCOME>
	<OUTCOME>scalo_romana</OUTCOME>
	<OUTCOME>quarto_cagnino</OUTCOME>
	<OUTCOME>ex_om</OUTCOME>
	<OUTCOME>dergano</OUTCOME>
	<OUTCOME>rogoredo</OUTCOME>
	<OUTCOME>selinunte</OUTCOME>
	<OUTCOME>s_siro</OUTCOME>
	<OUTCOME>gallaratese</OUTCOME>
	<OUTCOME>mecenate</OUTCOME>
	<OUTCOME>qt_8</OUTCOME>
	<OUTCOME>niguarda_granda</OUTCOME>
	<OUTCOME>ripamonti</OUTCOME>
	<OUTCOME>affori</OUTCOME>
	<OUTCOME>baggio</OUTCOME>
	<OUTCOME>parco_monlue_lambro</OUTCOME>
	<OUTCOME>gratosoglio</OUTCOME>
	<OUTCOME>parco_sempione</OUTCOME>
	<OUTCOME>quarto_oggiaro</OUTCOME>
	<OUTCOME>comasina</OUTCOME>
	<OUTCOME>bovisasca</OUTCOME>
	<OUTCOME>parco_agricolo_sud</OUTCOME>
	<OUTCOME>parco_nord</OUTCOME>
	<OUTCOME>bicocca</OUTCOME>
	<OUTCOME>chiaravalle</OUTCOME>
	<OUTCOME>quinto_romano</OUTCOME>
	<OUTCOME>triulzo_superiore</OUTCOME>
	<OUTCOME>bruzzano</OUTCOME>
	<OUTCOME>figino</OUTCOME>
	<OUTCOME>parco_dei_navigli</OUTCOME>
	<OUTCOME>cantalupa</OUTCOME>
	<OUTCOME>trenno</OUTCOME>
	<OUTCOME>parco_delle_abbazie</OUTCOME>
	<OUTCOME>giardini_porta_venezia</OUTCOME>
	<OUTCOME>parco_bosco_in_citt</OUTCOME>
	<PROPERTY>position = (730,96)</PROPERTY>
</VARIABLE>
<VARIABLE TYPE="nature">
	<NAME>number_of_reviews</NAME>
	<OUTCOME>some_reviews</OUTCOME>
	<OUTCOME>lot_of_reviews</OUTCOME>
	<OUTCOME>few_reviews</OUTCOME>
	<OUTCOME>no_reviews</OUTCOME>
	<PROPERTY>position = (1898,1152)</PROPERTY>
</VARIABLE>
<VARIABLE TYPE="nature">
	<NAME>review_scores_rating</NAME>
	<OUTCOME>low_rating</OUTCOME>
	<OUTCOME>top_rating</OUTCOME>
	<OUTCOME>nice_rating</OUTCOME>
	<OUTCOME>good_rating</OUTCOME>
	<PROPERTY>position = (1460,1056)</PROPERTY>
</VARIABLE>
<VARIABLE TYPE="nature">
	<NAME>long_term_stays_allowed</NAME>
	<OUTCOME>True</OUTCOME>
	<OUTCOME>False</OUTCOME>
	<PROPERTY>position = (730,1344)</PROPERTY>
</VARIABLE>
<VARIABLE TYPE="nature">
	<NAME>washer</NAME>
	<OUTCOME>True</OUTCOME>
	<OUTCOME>False</OUTCOME>
	<PROPERTY>position = (584,1728)</PROPERTY>
</VARIABLE>
<VARIABLE TYPE="nature">
	<NAME>dishes_and_silverware</NAME>
	<OUTCOME>True</OUTCOME>
	<OUTCOME>False</OUTCOME>
	<PROPERTY>position = (1168,768)</PROPERTY>
</VARIABLE>
<VARIABLE TYPE="nature">
	<NAME>kitchen</NAME>
	<OUTCOME>True</OUTCOME>
	<OUTCOME>False</OUTCOME>
	<PROPERTY>position = (438,1824)</PROPERTY>
</VARIABLE>
<VARIABLE TYPE="nature">
	<NAME>cooking_basics</NAME>
	<OUTCOME>True</OUTCOME>
	<OUTCOME>False</OUTCOME>
	<PROPERTY>position = (876,1248)</PROPERTY>
</VARIABLE>
<VARIABLE TYPE="nature">
	<NAME>hair_dryer</NAME>
	<OUTCOME>True</OUTCOME>
	<OUTCOME>False</OUTCOME>
	<PROPERTY>position = (1460,1344)</PROPERTY>
</VARIABLE>
<VARIABLE TYPE="nature">
	<NAME>tv</NAME>
	<OUTCOME>True</OUTCOME>
	<OUTCOME>False</OUTCOME>
	<PROPERTY>position = (876,1440)</PROPERTY>
</VARIABLE>
<VARIABLE TYPE="nature">
	<NAME>hangers</NAME>
	<OUTCOME>True</OUTCOME>
	<OUTCOME>False</OUTCOME>
	<PROPERTY>position = (1752,1440)</PROPERTY>
</VARIABLE>
<VARIABLE TYPE="nature">
	<NAME>essentials</NAME>
	<OUTCOME>True</OUTCOME>
	<OUTCOME>False</OUTCOME>
	<PROPERTY>position = (1022,1536)</PROPERTY>
</VARIABLE>
<VARIABLE TYPE="nature">
	<NAME>hot_water</NAME>
	<OUTCOME>True</OUTCOME>
	<OUTCOME>False</OUTCOME>
	<PROPERTY>position = (1752,1248)</PROPERTY>
</VARIABLE>
<VARIABLE TYPE="nature">
	<NAME>bed_linens</NAME>
	<OUTCOME>True</OUTCOME>
	<OUTCOME>False</OUTCOME>
	<PROPERTY>position = (876,1344)</PROPERTY>
</VARIABLE>
<VARIABLE TYPE="nature">
	<NAME>heating</NAME>
	<OUTCOME>True</OUTCOME>
	<OUTCOME>False</OUTCOME>
	<PROPERTY>position = (1168,1632)</PROPERTY>
</VARIABLE>
<VARIABLE TYPE="nature">
	<NAME>iron</NAME>
	<OUTCOME>True</OUTCOME>
	<OUTCOME>False</OUTCOME>
	<PROPERTY>position = (1314,1824)</PROPERTY>
</VARIABLE>
<VARIABLE TYPE="nature">
	<NAME>dedicated_workspace</NAME>
	<OUTCOME>True</OUTCOME>
	<OUTCOME>False</OUTCOME>
	<PROPERTY>position = (1460,1536)</PROPERTY>
</VARIABLE>
<VARIABLE TYPE="nature">
	<NAME>shampoo</NAME>
	<OUTCOME>False</OUTCOME>
	<OUTCOME>True</OUTCOME>
	<PROPERTY>position = (1606,1632)</PROPERTY>
</VARIABLE>
<VARIABLE TYPE="nature">
	<NAME>wifi</NAME>
	<OUTCOME>False</OUTCOME>
	<OUTCOME>True</OUTCOME>
	<PROPERTY>position = (1460,1920)</PROPERTY>
</VARIABLE>
<VARIABLE TYPE="nature">
	<NAME>air_conditioning</NAME>
	<OUTCOME>False</OUTCOME>
	<OUTCOME>True</OUTCOME>
	<PROPERTY>position = (1752,2016)</PROPERTY>
</VARIABLE>
<VARIABLE TYPE="nature">
	<NAME>elevator</NAME>
	<OUTCOME>False</OUTCOME>
	<OUTCOME>True</OUTCOME>
	<PROPERTY>position = (730,192)</PROPERTY>
</VARIABLE>
<VARIABLE TYPE="nature">
	<NAME>microwave</NAME>
	<OUTCOME>False</OUTCOME>
	<OUTCOME>True</OUTCOME>
	<PROPERTY>position = (876,672)</PROPERTY>
</VARIABLE>
<VARIABLE TYPE="nature">
	<NAME>stove</NAME>
	<OUTCOME>False</OUTCOME>
	<OUTCOME>True</OUTCOME>
	<PROPERTY>position = (1022,288)</PROPERTY>
</VARIABLE>
<VARIABLE TYPE="nature">
	<NAME>coffee_maker</NAME>
	<OUTCOME>False</OUTCOME>
	<OUTCOME>True</OUTCOME>
	<PROPERTY>position = (2190,864)</PROPERTY>
</VARIABLE>
<VARIABLE TYPE="nature">
	<NAME>dishwasher</NAME>
	<OUTCOME>False</OUTCOME>
	<OUTCOME>True</OUTCOME>
	<PROPERTY>position = (1314,576)</PROPERTY>
</VARIABLE>
<VARIABLE TYPE="nature">
	<NAME>oven</NAME>
	<OUTCOME>False</OUTCOME>
	<OUTCOME>True</OUTCOME>
	<PROPERTY>position = (730,480)</PROPERTY>
</VARIABLE>
<VARIABLE TYPE="nature">
	<NAME>refrigerator</NAME>
	<OUTCOME>False</OUTCOME>
	<OUTCOME>True</OUTCOME>
	<PROPERTY>position = (1168,384)</PROPERTY>
</VARIABLE>
<DEFINITION>
<FOR>class_of_price</FOR>
	<GIVEN>neighbourhood_cleansed</GIVEN>
<TABLE>
0.7969543147208121 0.12487309644670051 0.05177664974619289 0.019289340101522844 0.007106598984771574 
0.678391959798995 0.035175879396984924 0.18592964824120603 0.08542713567839195 0.01507537688442211 
0.8103061986557132 0.09932785660941 0.07094846900672143 0.014189693801344288 0.005227781926811053 
0.739385065885798 0.12152269399707175 0.0951683748169839 0.03367496339677892 0.010248901903367497 
0.7676855895196506 0.18951965065502183 0.011353711790393014 0.00611353711790393 0.025327510917030567 
0.7691401648998822 0.1872791519434629 0.01060070671378092 0.005889281507656066 0.027090694935217905 
0.7746144721233689 0.11981020166073547 0.07947805456702253 0.022538552787663108 0.0035587188612099642 
0.7595907928388747 0.11508951406649616 0.08951406649616368 0.028132992327365727 0.0076726342710997444 
0.5867768595041323 0.10743801652892562 0.14049586776859505 0.15702479338842976 0.008264462809917356 
0.6521739130434783 0.03678929765886288 0.25752508361204013 0.05016722408026756 0.0033444816053511705 
0.7557251908396947 0.16539440203562342 0.05343511450381679 0.002544529262086514 0.022900763358778626 
0.7678812415654521 0.12550607287449392 0.07152496626180836 0.02564102564102564 0.009446693657219974 
0.6940133037694013 0.09977827050997783 0.14412416851441243 0.05543237250554324 0.0066518847006651885 
0.6470588235294118 0.1393188854489164 0.15789473684210525 0.04643962848297214 0.009287925696594427 
0.7401812688821753 0.12386706948640483 0.09365558912386707 0.03927492447129909 0.0030211480362537764 
0.7111913357400722 0.08303249097472924 0.16967509025270758 0.02527075812274368 0.010830324909747292 
0.7432712215320911 0.14285714285714285 0.08074534161490683 0.022774327122153208 0.010351966873706004 
0.7347294938917975 0.14136125654450263 0.0924956369982548 0.02617801047120419 0.005235602094240838 
0.7023255813953488 0.06976744186046512 0.14418604651162792 0.06976744186046512 0.013953488372093023 
0.7364341085271318 0.13178294573643412 0.10077519379844961 0.007751937984496124 0.023255813953488372 
0.7397769516728625 0.055762081784386616 0.1821561338289963 0.01858736059479554 0.0037174721189591076 
0.5121951219512195 0.12195121951219512 0.12195121951219512 0.21951219512195122 0.024390243902439025 
0.7699680511182109 0.12034078807241747 0.07987220447284345 0.013844515441959531 0.01597444089456869 
0.6647398843930635 0.05202312138728324 0.1791907514450867 0.09826589595375723 0.005780346820809248 
0.7828810020876826 0.15657620041753653 0.027139874739039668 0.010438413361169102 0.022964509394572025 
0.6875871687587168 0.06555090655509066 0.17712691771269176 0.06834030683403068 0.001394700139470014 
0.6510638297872341 0.03829787234042553 0.2170212765957447 0.08936170212765958 0.00425531914893617 
0.7684210526315789 0.05964912280701754 0.08771929824561403 0.05263157894736842 0.031578947368421054 
0.7323420074349443 0.17472118959107807 0.040892193308550186 0.026022304832713755 0.026022304832713755 
0.6958174904942965 0.07224334600760456 0.17870722433460076 0.04182509505703422 0.011406844106463879 
0.6556776556776557 0.08424908424908426 0.14285714285714285 0.10622710622710622 0.01098901098901099 
0.5849056603773585 0.05660377358490566 0.1320754716981132 0.20754716981132076 0.018867924528301886 
0.6236162361623616 0.09225092250922509 0.18081180811808117 0.07749077490774908 0.025830258302583026 
0.6766467065868264 0.24550898203592814 0.041916167664670656 0.005988023952095809 0.029940119760479042 
0.6691729323308271 0.022556390977443608 0.17293233082706766 0.12781954887218044 0.007518796992481203 
0.6761904761904762 0.1619047619047619 0.12380952380952381 0.009523809523809525 0.02857142857142857 
0.8314350797266514 0.07972665148063782 0.07061503416856492 0.015945330296127564 0.002277904328018223 
0.6275862068965518 0.020689655172413793 0.2413793103448276 0.0896551724137931 0.020689655172413793 
0.6207951070336392 0.0581039755351682 0.20489296636085627 0.10703363914373089 0.009174311926605505 
0.5675675675675675 0.02702702702702703 0.2972972972972973 0.02702702702702703 0.08108108108108109 
0.6431535269709544 0.11203319502074689 0.17842323651452283 0.06224066390041494 0.004149377593360996 
0.6056338028169014 0.014084507042253521 0.352112676056338 0.014084507042253521 0.014084507042253521 
0.6610169491525424 0.01694915254237288 0.15254237288135594 0.15254237288135594 0.01694915254237288 
0.7037037037037037 0.1111111111111111 0.1111111111111111 0.037037037037037035 0.037037037037037035 
0.3939393939393939 0.15151515151515152 0.3939393939393939 0.030303030303030304 0.030303030303030304 
0.4666666666666667 0.022222222222222223 0.28888888888888886 0.15555555555555556 0.06666666666666667 
0.6872037914691943 0.0995260663507109 0.14691943127962084 0.052132701421800945 0.014218009478672985 
0.5047619047619047 0.047619047619047616 0.29523809523809524 0.14285714285714285 0.009523809523809525 
0.6870748299319728 0.08843537414965986 0.1564625850340136 0.061224489795918366 0.006802721088435374 
0.4857142857142857 0.14285714285714285 0.14285714285714285 0.2 0.02857142857142857 
0.5922330097087378 0.18446601941747573 0.1262135922330097 0.08737864077669903 0.009708737864077669 
0.6561085972850679 0.06787330316742081 0.1493212669683258 0.11312217194570136 0.013574660633484163 
0.7894736842105263 0.05263157894736842 0.12280701754385964 0.017543859649122806 0.017543859649122806 
0.6390977443609023 0.08270676691729323 0.20300751879699247 0.06766917293233082 0.007518796992481203 
0.5238095238095238 0.18095238095238095 0.21904761904761905 0.047619047619047616 0.02857142857142857 
0.6129032258064516 0.0967741935483871 0.22580645161290322 0.053763440860215055 0.010752688172043012 
0.84 0.04 0.04 0.06666666666666667 0.013333333333333334 
0.7948717948717948 0.02564102564102564 0.1282051282051282 0.02564102564102564 0.02564102564102564 
0.5315315315315315 0.04504504504504504 0.3333333333333333 0.08108108108108109 0.009009009009009009 
0.6043956043956044 0.0989010989010989 0.18681318681318682 0.07692307692307693 0.03296703296703297 
0.5725190839694656 0.03816793893129771 0.3435114503816794 0.03816793893129771 0.007633587786259542 
0.2558139534883721 0.06976744186046512 0.3023255813953488 0.3488372093023256 0.023255813953488372 
0.6363636363636364 0.030303030303030304 0.21212121212121213 0.09090909090909091 0.030303030303030304 
0.52 0.04 0.36 0.04 0.04 
0.7575757575757576 0.09090909090909091 0.09090909090909091 0.030303030303030304 0.030303030303030304 
0.5849056603773585 0.09433962264150944 0.24528301886792453 0.05660377358490566 0.018867924528301886 
0.3333333333333333 0.06666666666666667 0.4666666666666667 0.06666666666666667 0.06666666666666667 
0.38461538461538464 0.07692307692307693 0.38461538461538464 0.07692307692307693 0.07692307692307693 
0.1111111111111111 0.1111111111111111 0.5555555555555556 0.1111111111111111 0.1111111111111111 
0.3333333333333333 0.1111111111111111 0.3333333333333333 0.1111111111111111 0.1111111111111111 
0.7560975609756098 0.024390243902439025 0.12195121951219512 0.07317073170731707 0.024390243902439025 
0.5555555555555556 0.1111111111111111 0.1111111111111111 0.1111111111111111 0.1111111111111111 
0.23076923076923078 0.07692307692307693 0.23076923076923078 0.38461538461538464 0.07692307692307693 
0.47368421052631576 0.05263157894736842 0.2631578947368421 0.15789473684210525 0.05263157894736842 
0.5757575757575758 0.09090909090909091 0.21212121212121213 0.09090909090909091 0.030303030303030304 
0.45454545454545453 0.09090909090909091 0.2727272727272727 0.09090909090909091 0.09090909090909091 
0.5555555555555556 0.1111111111111111 0.1111111111111111 0.1111111111111111 0.1111111111111111 
0.38461538461538464 0.23076923076923078 0.07692307692307693 0.23076923076923078 0.07692307692307693 
0.3333333333333333 0.1111111111111111 0.1111111111111111 0.3333333333333333 0.1111111111111111 
0.3333333333333333 0.1111111111111111 0.1111111111111111 0.3333333333333333 0.1111111111111111 
0.7647058823529411 0.058823529411764705 0.058823529411764705 0.058823529411764705 0.058823529411764705 
0.1111111111111111 0.1111111111111111 0.3333333333333333 0.3333333333333333 0.1111111111111111 
</TABLE>
</DEFINITION>
<DEFINITION>
<FOR>host_response_rate</FOR>
	<GIVEN>review_scores_rating</GIVEN>
	<GIVEN>microwave</GIVEN>
	<GIVEN>host_is_superhost</GIVEN>
<TABLE>
0.7397013388259527 0.18666323377960864 0.02188465499485067 0.05175077239958805 
0.8204419889502762 0.15193370165745856 0.013812154696132596 0.013812154696132596 
0.6526967930029155 0.16727405247813412 0.007653061224489796 0.17237609329446063 
0.8668341708542714 0.09798994974874371 0.007537688442211055 0.02763819095477387 
0.8250230840258541 0.13896583564173592 0.02631578947368421 0.009695290858725761 
0.8654822335025381 0.08883248730964467 0.0025380710659898475 0.04314720812182741 
0.7635814889336016 0.11770623742454728 0.023138832997987926 0.09557344064386318 
0.910958904109589 0.06621004566210045 0.00684931506849315 0.01598173515981735 
0.7641304347826087 0.1858695652173913 0.02717391304347826 0.02282608695652174 
0.910427807486631 0.07887700534759358 0.001336898395721925 0.009358288770053475 
0.8183229813664596 0.14751552795031056 0.013975155279503106 0.020186335403726708 
0.9420731707317073 0.04573170731707317 0.003048780487804878 0.009146341463414634 
0.795911295911296 0.1340956340956341 0.05232155232155232 0.017671517671517672 
0.7708333333333334 0.1736111111111111 0.034722222222222224 0.020833333333333332 
0.6963414634146341 0.1475609756097561 0.018292682926829267 0.1378048780487805 
0.9078947368421053 0.039473684210526314 0.013157894736842105 0.039473684210526314 
</TABLE>
</DEFINITION>
<DEFINITION>
<FOR>host_is_superhost</FOR>
	<GIVEN>coffee_maker</GIVEN>
	<GIVEN>dishes_and_silverware</GIVEN>
	<GIVEN>stove</GIVEN>
<TABLE>
0.8073593073593074 0.19264069264069264 
0.8579646017699115 0.14203539823008848 
0.9415844636251541 0.05841553637484587 
0.95625 0.04375 
0.6681329423264907 0.33186705767350927 
0.6958989381179055 0.30410106188209446 
0.5481651376146789 0.4518348623853211 
0.9715189873417721 0.028481012658227847 
</TABLE>
</DEFINITION>
<DEFINITION>
<FOR>is_center</FOR>
<TABLE>
0.6397518878101403 0.36024811218985975 
</TABLE>
</DEFINITION>
<DEFINITION>
<FOR>neighbourhood_cleansed</FOR>
	<GIVEN>is_center</GIVEN>
<TABLE>
0.08214704404622342 8.373806732540613E-5 0.11179031987941718 0.056858147713950764 0.0955451348182884 0.07075866688996818 0.07025623848601574 0.032406632054932175 8.373806732540613E-5 8.373806732540613E-5 0.032574108189582986 0.06171495561882432 8.373806732540613E-5 8.373806732540613E-5 8.373806732540613E-5 8.373806732540613E-5 0.04011053424886954 0.047646960308156086 0.017668732205660693 0.010467258415675766 8.373806732540613E-5 8.373806732540613E-5 0.07829509294925473 8.373806732540613E-5 8.373806732540613E-5 0.05970524200301457 8.373806732540613E-5 8.373806732540613E-5 0.022190587841232623 8.373806732540613E-5 8.373806732540613E-5 8.373806732540613E-5 8.373806732540613E-5 0.0136493049740412 8.373806732540613E-5 0.00845754479986602 0.03642605928655167 8.373806732540613E-5 8.373806732540613E-5 8.373806732540613E-5 0.019845921956121254 8.373806732540613E-5 8.373806732540613E-5 0.001925975548484341 8.373806732540613E-5 8.373806732540613E-5 8.373806732540613E-5 8.373806732540613E-5 0.011974543627533077 8.373806732540613E-5 0.008290068665215207 8.373806732540613E-5 8.373806732540613E-5 8.373806732540613E-5 8.373806732540613E-5 8.373806732540613E-5 8.373806732540613E-5 8.373806732540613E-5 8.373806732540613E-5 8.373806732540613E-5 8.373806732540613E-5 8.373806732540613E-5 8.373806732540613E-5 8.373806732540613E-5 0.002428403952436778 8.373806732540613E-5 8.373806732540613E-5 7.536426059286551E-4 4.1869033662703066E-4 8.373806732540613E-5 8.373806732540613E-5 8.373806732540613E-5 8.373806732540613E-5 8.373806732540613E-5 8.373806732540613E-5 8.373806732540613E-5 8.373806732540613E-5 8.373806732540613E-5 8.373806732540613E-5 8.373806732540613E-5 0.0010885948752302798 8.373806732540613E-5 
1.4792899408284024E-4 0.028846153846153848 1.4792899408284024E-4 1.4792899408284024E-4 1.4792899408284024E-4 1.4792899408284024E-4 1.4792899408284024E-4 1.4792899408284024E-4 0.01730769230769231 0.04363905325443787 1.4792899408284024E-4 1.4792899408284024E-4 0.06612426035502958 0.04718934911242603 0.04837278106508876 0.04038461538461539 1.4792899408284024E-4 1.4792899408284024E-4 1.4792899408284024E-4 1.4792899408284024E-4 0.03920118343195266 0.005473372781065089 1.4792899408284024E-4 0.025 0.07026627218934911 1.4792899408284024E-4 0.0341715976331361 0.041568047337278105 1.4792899408284024E-4 0.03831360946745562 0.039792899408284024 0.007248520710059172 0.039497041420118346 1.4792899408284024E-4 0.01908284023668639 1.4792899408284024E-4 1.4792899408284024E-4 0.020857988165680474 0.047781065088757395 0.004881656804733727 1.4792899408284024E-4 0.009911242603550295 0.008136094674556213 1.4792899408284024E-4 0.004289940828402367 0.00606508875739645 0.03062130177514793 0.014940828402366864 1.4792899408284024E-4 0.004585798816568047 1.4792899408284024E-4 0.03210059171597633 0.007840236686390533 0.01908284023668639 0.014940828402366864 0.013165680473372781 0.010502958579881656 0.005177514792899409 0.015828402366863906 0.012869822485207101 0.01878698224852071 0.0057692307692307696 0.004289940828402367 0.003106508875739645 1.4792899408284024E-4 0.007248520710059172 0.0016272189349112425 1.4792899408284024E-4 1.4792899408284024E-4 7.396449704142012E-4 0.005473372781065089 7.396449704142012E-4 0.0013313609467455621 0.0022189349112426036 0.004289940828402367 0.0010355029585798817 7.396449704142012E-4 0.0013313609467455621 7.396449704142012E-4 7.396449704142012E-4 1.4792899408284024E-4 7.396449704142012E-4 
</TABLE>
</DEFINITION>
<DEFINITION>
<FOR>number_of_reviews</FOR>
	<GIVEN>review_scores_rating</GIVEN>
	<GIVEN>host_is_superhost</GIVEN>
	<GIVEN>coffee_maker</GIVEN>
<TABLE>
0.4927872230808861 0.2743431221020093 0.09763008758371973 0.13523956723338484 
0.3892935178441369 0.5218499635833941 0.047705753823743625 0.04115076474872542 
0.3992248062015504 0.5465116279069767 0.011627906976744186 0.04263565891472868 
0.23306772908366533 0.7470119521912351 0.017928286852589643 0.00199203187250996 
0.37850467289719625 0.00778816199376947 0.20404984423676012 0.40965732087227413 
0.5032414910858996 0.04781199351701783 0.16774716369529985 0.28119935170178284 
0.5763358778625954 0.1183206106870229 0.10305343511450382 0.20229007633587787 
0.443859649122807 0.4614035087719298 0.04035087719298246 0.054385964912280704 
0.5637254901960784 0.43300653594771243 0.0016339869281045752 0.0016339869281045752 
0.3329831932773109 0.6649159663865546 0.0010504201680672268 0.0010504201680672268 
0.24285714285714285 0.7514285714285714 0.002857142857142857 0.002857142857142857 
0.1410998552821997 0.8574529667149059 7.23589001447178E-4 7.23589001447178E-4 
0.03811813186813187 0.008585164835164836 3.4340659340659343E-4 0.9529532967032966 
0.08690176322418136 0.0743073047858942 0.0012594458438287153 0.8375314861460957 
0.09482758620689655 0.07758620689655173 0.008620689655172414 0.8189655172413793 
0.20192307692307693 0.4519230769230769 0.009615384615384616 0.33653846153846156 
</TABLE>
</DEFINITION>
<DEFINITION>
<FOR>review_scores_rating</FOR>
	<GIVEN>host_is_superhost</GIVEN>
	<GIVEN>dishes_and_silverware</GIVEN>
	<GIVEN>class_of_price</GIVEN>
<TABLE>
0.5199685534591195 0.20644654088050315 0.14575471698113207 0.12783018867924528 
0.3640483383685801 0.2824773413897281 0.09516616314199396 0.2583081570996979 
0.5860849056603774 0.16863207547169812 0.13797169811320756 0.10731132075471699 
0.5664556962025317 0.14873417721518986 0.16139240506329114 0.12341772151898735 
0.30357142857142855 0.26785714285714285 0.017857142857142856 0.4107142857142857 
0.3698779424585876 0.21904969485614648 0.06734960767218831 0.3437227550130776 
0.19743589743589743 0.2128205128205128 0.028205128205128206 0.5615384615384615 
0.4652173913043478 0.18405797101449275 0.06811594202898551 0.2826086956521739 
0.45 0.19615384615384615 0.057692307692307696 0.29615384615384616 
0.19827586206896552 0.21551724137931033 0.02586206896551724 0.5603448275862069 
0.19826800364630812 0.2283500455788514 0.5255241567912489 0.047857793983591614 
0.21764705882352942 0.3 0.37058823529411766 0.11176470588235295 
0.2733333333333333 0.17555555555555555 0.5266666666666666 0.024444444444444446 
0.4016393442622951 0.2540983606557377 0.30327868852459017 0.040983606557377046 
0.125 0.375 0.375 0.125 
0.21063829787234042 0.2702127659574468 0.4148936170212766 0.10425531914893617 
0.05172413793103448 0.3275862068965517 0.3620689655172414 0.25862068965517243 
0.19642857142857142 0.26785714285714285 0.30357142857142855 0.23214285714285715 
0.07142857142857142 0.21428571428571427 0.5 0.21428571428571427 
0.3 0.5 0.1 0.1 
</TABLE>
</DEFINITION>
<DEFINITION>
<FOR>long_term_stays_allowed</FOR>
	<GIVEN>host_response_rate</GIVEN>
	<GIVEN>cooking_basics</GIVEN>
	<GIVEN>class_of_price</GIVEN>
<TABLE>
0.8678972712680578 0.1321027287319422 
0.7546875 0.2453125 
0.8572854291417166 0.14271457085828343 
0.8878205128205128 0.11217948717948718 
0.74 0.26 
0.7532250358337315 0.2467749641662685 
0.5902111324376199 0.40978886756238003 
0.8490853658536586 0.15091463414634146 
0.8129770992366412 0.18702290076335878 
0.5980392156862745 0.4019607843137255 
0.91328125 0.08671875 
0.8768115942028986 0.12318840579710146 
0.9402173913043478 0.059782608695652176 
0.8833333333333333 0.11666666666666667 
0.75 0.25 
0.842032967032967 0.15796703296703296 
0.83 0.17 
0.8728813559322034 0.1271186440677966 
0.9782608695652174 0.021739130434782608 
0.9166666666666666 0.08333333333333333 
0.7763157894736842 0.2236842105263158 
0.5666666666666667 0.43333333333333335 
0.8928571428571429 0.10714285714285714 
0.8333333333333334 0.16666666666666666 
0.5 0.5 
0.6524390243902439 0.3475609756097561 
0.7432432432432432 0.25675675675675674 
0.5833333333333334 0.4166666666666667 
0.8333333333333334 0.16666666666666666 
0.7 0.3 
0.9914285714285714 0.008571428571428572 
0.9642857142857143 0.03571428571428571 
0.9117647058823529 0.08823529411764706 
0.9444444444444444 0.05555555555555555 
0.5 0.5 
0.9916387959866221 0.008361204013377926 
0.875 0.125 
0.7 0.3 
0.5 0.5 
0.75 0.25 
</TABLE>
</DEFINITION>
<DEFINITION>
<FOR>washer</FOR>
	<GIVEN>heating</GIVEN>
	<GIVEN>oven</GIVEN>
	<GIVEN>bed_linens</GIVEN>
<TABLE>
0.7230933713471134 0.2769066286528867 
0.8218406593406593 0.17815934065934066 
0.8937522702506356 0.10624772974936433 
0.8905723905723906 0.10942760942760943 
0.32887700534759357 0.6711229946524064 
0.6222707423580786 0.3777292576419214 
0.46688741721854304 0.5331125827814569 
0.6739130434782609 0.32608695652173914 
</TABLE>
</DEFINITION>
<DEFINITION>
<FOR>dishes_and_silverware</FOR>
	<GIVEN>refrigerator</GIVEN>
	<GIVEN>microwave</GIVEN>
	<GIVEN>oven</GIVEN>
<TABLE>
0.0978438864628821 0.9021561135371179 
0.6145833333333334 0.3854166666666667 
0.8089430894308943 0.1910569105691057 
0.8035714285714286 0.19642857142857142 
0.8585766423357665 0.14142335766423358 
0.9550675675675676 0.04493243243243243 
0.9363879003558719 0.06361209964412812 
0.9418656056587091 0.05813439434129089 
</TABLE>
</DEFINITION>
<DEFINITION>
<FOR>kitchen</FOR>
	<GIVEN>washer</GIVEN>
	<GIVEN>essentials</GIVEN>
	<GIVEN>dishwasher</GIVEN>
<TABLE>
0.9863312657937054 0.01366873420629451 
0.995347971715668 0.0046520282843319685 
0.912532637075718 0.08746736292428199 
0.452755905511811 0.547244094488189 
0.8220191470844213 0.17798085291557877 
0.9893867924528302 0.01061320754716981 
0.6305970149253731 0.3694029850746269 
0.725 0.275 
</TABLE>
</DEFINITION>
<DEFINITION>
<FOR>cooking_basics</FOR>
	<GIVEN>dishes_and_silverware</GIVEN>
	<GIVEN>host_response_rate</GIVEN>
	<GIVEN>refrigerator</GIVEN>
<TABLE>
0.6345646437994723 0.3654353562005277 
0.9317243159525038 0.06827568404749612 
0.6084905660377359 0.3915094339622642 
0.922695035460993 0.07730496453900709 
0.5 0.5 
0.8951612903225806 0.10483870967741936 
0.8928571428571429 0.10714285714285714 
0.4217289719626168 0.5782710280373832 
0.05863970588235294 0.9413602941176471 
0.3988549618320611 0.601145038167939 
0.19487750556792874 0.8051224944320713 
0.39855072463768115 0.6014492753623188 
0.029166666666666667 0.9708333333333333 
0.9 0.1 
0.25 0.75 
0.2692307692307692 0.7307692307692307 
</TABLE>
</DEFINITION>
<DEFINITION>
<FOR>hair_dryer</FOR>
	<GIVEN>hot_water</GIVEN>
	<GIVEN>coffee_maker</GIVEN>
	<GIVEN>cooking_basics</GIVEN>
<TABLE>
0.9341911764705882 0.06580882352941177 
0.8819386909693455 0.11806130903065451 
0.980139478471801 0.019860521528198907 
0.9519867549668874 0.048013245033112585 
0.881578947368421 0.11842105263157894 
0.6655495978552279 0.3344504021447721 
0.8856502242152466 0.11434977578475336 
0.9560260586319218 0.043973941368078175 
</TABLE>
</DEFINITION>
<DEFINITION>
<FOR>tv</FOR>
	<GIVEN>bed_linens</GIVEN>
	<GIVEN>hair_dryer</GIVEN>
	<GIVEN>host_response_rate</GIVEN>
<TABLE>
0.6741353383458647 0.32586466165413536 
0.6525862068965518 0.3474137931034483 
0.7314814814814815 0.26851851851851855 
0.5353403141361257 0.46465968586387435 
0.6652173913043479 0.3347826086956522 
0.6346153846153846 0.36538461538461536 
0.75 0.25 
0.4642857142857143 0.5357142857142857 
0.7805900100569896 0.2194099899430104 
0.7880067567567568 0.21199324324324326 
0.7905982905982906 0.2094017094017094 
0.9490740740740741 0.05092592592592592 
0.6262315270935961 0.3737684729064039 
0.7061068702290076 0.29389312977099236 
0.6111111111111112 0.3888888888888889 
0.6176470588235294 0.38235294117647056 
</TABLE>
</DEFINITION>
<DEFINITION>
<FOR>hangers</FOR>
	<GIVEN>hair_dryer</GIVEN>
	<GIVEN>hot_water</GIVEN>
	<GIVEN>coffee_maker</GIVEN>
<TABLE>
0.869593147751606 0.13040685224839402 
0.9575284090909091 0.04247159090909091 
0.8126744835287549 0.18732551647124512 
0.46334012219959264 0.5366598778004074 
0.6530172413793104 0.34698275862068967 
0.68125 0.31875 
0.24778200253485425 0.7522179974651457 
0.3974358974358974 0.6025641025641025 
</TABLE>
</DEFINITION>
<DEFINITION>
<FOR>essentials</FOR>
	<GIVEN>hangers</GIVEN>
	<GIVEN>dishes_and_silverware</GIVEN>
	<GIVEN>host_is_superhost</GIVEN>
<TABLE>
0.9876660341555977 0.012333965844402278 
0.9953900709219858 0.004609929078014184 
0.9409769335142469 0.059023066485753055 
0.9712041884816754 0.028795811518324606 
0.9044811320754716 0.09551886792452831 
0.9166666666666666 0.08333333333333333 
0.712070410729254 0.287929589270746 
0.16666666666666666 0.8333333333333334 
</TABLE>
</DEFINITION>
<DEFINITION>
<FOR>hot_water</FOR>
	<GIVEN>dishes_and_silverware</GIVEN>
	<GIVEN>refrigerator</GIVEN>
	<GIVEN>number_of_reviews</GIVEN>
<TABLE>
0.7617924528301887 0.23820754716981132 
0.7549019607843137 0.24509803921568626 
0.7763157894736842 0.2236842105263158 
0.6834862385321101 0.3165137614678899 
0.9083904109589042 0.0916095890410959 
0.9610765124555161 0.038923487544483985 
0.8667883211678832 0.1332116788321168 
0.8547169811320755 0.14528301886792452 
0.3158713692946058 0.6841286307053942 
0.32219827586206895 0.677801724137931 
0.30443548387096775 0.6955645161290323 
0.2224538415723645 0.7775461584276355 
0.7357723577235772 0.26422764227642276 
0.8538461538461538 0.14615384615384616 
0.5576923076923077 0.4423076923076923 
0.42592592592592593 0.5740740740740741 
</TABLE>
</DEFINITION>
<DEFINITION>
<FOR>bed_linens</FOR>
	<GIVEN>refrigerator</GIVEN>
	<GIVEN>hot_water</GIVEN>
	<GIVEN>stove</GIVEN>
<TABLE>
0.31097560975609756 0.6890243902439024 
0.7788461538461539 0.22115384615384615 
0.015801794771751854 0.9841982052282482 
0.3055555555555556 0.6944444444444444 
0.6459349593495934 0.3540650406504065 
0.8381668946648427 0.16183310533515732 
0.1967741935483871 0.8032258064516129 
0.3649732620320856 0.6350267379679144 
</TABLE>
</DEFINITION>
<DEFINITION>
<FOR>heating</FOR>
	<GIVEN>dedicated_workspace</GIVEN>
	<GIVEN>tv</GIVEN>
	<GIVEN>essentials</GIVEN>
<TABLE>
0.9749647390691114 0.025035260930888575 
0.8008474576271186 0.19915254237288135 
0.9560349535772802 0.043965046422719825 
0.7159090909090909 0.2840909090909091 
0.9323369565217391 0.06766304347826087 
0.8760217983651226 0.12397820163487738 
0.8030523255813954 0.19694767441860464 
0.5444444444444444 0.45555555555555555 
</TABLE>
</DEFINITION>
<DEFINITION>
<FOR>iron</FOR>
	<GIVEN>hair_dryer</GIVEN>
	<GIVEN>hangers</GIVEN>
	<GIVEN>washer</GIVEN>
<TABLE>
0.9014241592312972 0.09857584076870281 
0.7424363057324841 0.2575636942675159 
0.8020457280385078 0.19795427196149218 
0.5968468468468469 0.40315315315315314 
0.46096096096096095 0.539039039039039 
0.25595238095238093 0.7440476190476191 
0.08333333333333333 0.9166666666666666 
0.045454545454545456 0.9545454545454546 
</TABLE>
</DEFINITION>
<DEFINITION>
<FOR>dedicated_workspace</FOR>
	<GIVEN>hangers</GIVEN>
	<GIVEN>hot_water</GIVEN>
	<GIVEN>hair_dryer</GIVEN>
<TABLE>
0.7993890020366599 0.20061099796334012 
0.6043689320388349 0.39563106796116504 
0.6847890671420083 0.3152109328579917 
0.523696682464455 0.476303317535545 
0.5319383259911894 0.46806167400881055 
0.38207547169811323 0.6179245283018868 
0.32637729549248745 0.6736227045075125 
0.10453808752025932 0.8954619124797407 
</TABLE>
</DEFINITION>
<DEFINITION>
<FOR>shampoo</FOR>
	<GIVEN>hangers</GIVEN>
	<GIVEN>essentials</GIVEN>
	<GIVEN>coffee_maker</GIVEN>
<TABLE>
0.3015463917525773 0.6984536082474226 
0.1501240694789082 0.8498759305210918 
0.6224489795918368 0.37755102040816324 
0.45121951219512196 0.5487804878048781 
0.5055220883534136 0.49447791164658633 
0.4753289473684211 0.524671052631579 
0.7877358490566038 0.21226415094339623 
0.939873417721519 0.060126582278481014 
</TABLE>
</DEFINITION>
<DEFINITION>
<FOR>wifi</FOR>
	<GIVEN>iron</GIVEN>
	<GIVEN>number_of_reviews</GIVEN>
	<GIVEN>hair_dryer</GIVEN>
<TABLE>
0.06633099824868652 0.9336690017513135 
0.18235294117647058 0.8176470588235294 
0.035950252623396815 0.9640497473766032 
0.08823529411764706 0.9117647058823529 
0.08353510895883777 0.9164648910411622 
0.14705882352941177 0.8529411764705882 
0.09871869539895166 0.9012813046010484 
0.19196428571428573 0.8080357142857143 
0.13242574257425743 0.8675742574257426 
0.24280575539568344 0.7571942446043165 
0.08687258687258688 0.9131274131274131 
0.10493827160493827 0.8950617283950617 
0.2468354430379747 0.7531645569620253 
0.22727272727272727 0.7727272727272727 
0.22694174757281554 0.7730582524271845 
0.4119496855345912 0.5880503144654088 
</TABLE>
</DEFINITION>
<DEFINITION>
<FOR>air_conditioning</FOR>
	<GIVEN>dishwasher</GIVEN>
	<GIVEN>heating</GIVEN>
	<GIVEN>wifi</GIVEN>
<TABLE>
0.47873900293255134 0.5212609970674487 
0.3006066734074823 0.6993933265925177 
0.7815533980582524 0.21844660194174756 
0.5484429065743944 0.4515570934256055 
0.2891156462585034 0.7108843537414966 
0.14744249914177823 0.8525575008582218 
0.640625 0.359375 
0.3704819277108434 0.6295180722891566 
</TABLE>
</DEFINITION>
<DEFINITION>
<FOR>elevator</FOR>
	<GIVEN>neighbourhood_cleansed</GIVEN>
<TABLE>
0.5651731160896131 0.434826883910387 
0.5357142857142857 0.4642857142857143 
0.4124251497005988 0.5875748502994012 
0.3985294117647059 0.6014705882352941 
0.4054290718038529 0.5945709281961471 
0.3959810874704492 0.6040189125295509 
0.5464285714285714 0.45357142857142857 
0.3788659793814433 0.6211340206185567 
0.652542372881356 0.3474576271186441 
0.6047297297297297 0.3952702702702703 
0.3923076923076923 0.6076923076923076 
0.518970189701897 0.481029810298103 
0.4486607142857143 0.5513392857142857 
0.409375 0.590625 
0.38109756097560976 0.6189024390243902 
0.38321167883211676 0.6167883211678832 
0.46041666666666664 0.5395833333333333 
0.39473684210526316 0.6052631578947368 
0.5141509433962265 0.4858490566037736 
0.30952380952380953 0.6904761904761905 
0.4774436090225564 0.5225563909774437 
0.9210526315789473 0.07894736842105263 
0.44764957264957267 0.5523504273504274 
0.6411764705882353 0.3588235294117647 
0.4012605042016807 0.5987394957983193 
0.5700280112044818 0.42997198879551823 
0.5387931034482759 0.46120689655172414 
0.5141843971631206 0.4858156028368794 
0.4849624060150376 0.5150375939849624 
0.47307692307692306 0.5269230769230769 
0.6111111111111112 0.3888888888888889 
0.34 0.66 
0.6007462686567164 0.39925373134328357 
0.3353658536585366 0.6646341463414634 
0.45384615384615384 0.5461538461538461 
0.5784313725490197 0.4215686274509804 
0.49770642201834864 0.5022935779816514 
0.45774647887323944 0.5422535211267606 
0.6820987654320988 0.31790123456790126 
0.4411764705882353 0.5588235294117647 
0.5336134453781513 0.46638655462184875 
0.6029411764705882 0.39705882352941174 
0.5535714285714286 0.44642857142857145 
0.2916666666666667 0.7083333333333334 
0.6333333333333333 0.36666666666666664 
0.35714285714285715 0.6428571428571429 
0.4375 0.5625 
0.5 0.5 
0.5347222222222222 0.4652777777777778 
0.34375 0.65625 
0.57 0.43 
0.6009174311926605 0.39908256880733944 
0.46296296296296297 0.5370370370370371 
0.5153846153846153 0.4846153846153846 
0.4215686274509804 0.5784313725490197 
0.32222222222222224 0.6777777777777778 
0.375 0.625 
0.4722222222222222 0.5277777777777778 
0.4351851851851852 0.5648148148148148 
0.48863636363636365 0.5113636363636364 
0.6953125 0.3046875 
0.725 0.275 
0.8333333333333334 0.16666666666666666 
0.5 0.5 
0.36666666666666664 0.6333333333333333 
0.5 0.5 
0.25 0.75 
0.7 0.3 
0.8333333333333334 0.16666666666666666 
0.8333333333333334 0.16666666666666666 
0.23684210526315788 0.7631578947368421 
0.5 0.5 
0.5 0.5 
0.8125 0.1875 
0.5666666666666667 0.43333333333333335 
0.375 0.625 
0.8333333333333334 0.16666666666666666 
0.5 0.5 
0.5 0.5 
0.5 0.5 
0.5 0.5 
0.8333333333333334 0.16666666666666666 
</TABLE>
</DEFINITION>
<DEFINITION>
<FOR>microwave</FOR>
	<GIVEN>refrigerator</GIVEN>
	<GIVEN>dishwasher</GIVEN>
	<GIVEN>oven</GIVEN>
<TABLE>
0.9759284731774416 0.024071526822558458 
0.7159090909090909 0.2840909090909091 
0.7664473684210527 0.23355263157894737 
0.515625 0.484375 
0.3933150183150183 0.6066849816849816 
0.4755608974358974 0.5244391025641025 
0.2043103448275862 0.7956896551724137 
0.3554530874097835 0.6445469125902166 
</TABLE>
</DEFINITION>
<DEFINITION>
<FOR>stove</FOR>
	<GIVEN>class_of_price</GIVEN>
	<GIVEN>elevator</GIVEN>
<TABLE>
0.5527882205513784 0.44721177944862156 
0.5142738359201774 0.4857261640798226 
0.6988636363636364 0.30113636363636365 
0.651541095890411 0.348458904109589 
0.5994475138121547 0.4005524861878453 
0.5782241014799154 0.42177589852008457 
0.5872641509433962 0.41273584905660377 
0.5543478260869565 0.44565217391304346 
0.881578947368421 0.11842105263157894 
0.7352941176470589 0.2647058823529412 
</TABLE>
</DEFINITION>
<DEFINITION>
<FOR>coffee_maker</FOR>
	<GIVEN>refrigerator</GIVEN>
	<GIVEN>dishwasher</GIVEN>
	<GIVEN>dishes_and_silverware</GIVEN>
<TABLE>
0.7004662004662005 0.29953379953379955 
0.9749230769230769 0.025076923076923077 
0.35185185185185186 0.6481481481481481 
0.13106796116504854 0.8689320388349514 
0.3372739916550765 0.6627260083449235 
0.4890710382513661 0.5109289617486339 
0.2634020618556701 0.73659793814433 
0.3201219512195122 0.6798780487804879 
</TABLE>
</DEFINITION>
<DEFINITION>
<FOR>dishwasher</FOR>
	<GIVEN>refrigerator</GIVEN>
	<GIVEN>oven</GIVEN>
	<GIVEN>class_of_price</GIVEN>
<TABLE>
0.9520969603693729 0.04790303963062716 
0.965546218487395 0.034453781512605045 
0.9834605597964376 0.01653944020356234 
0.9964788732394366 0.0035211267605633804 
0.9754098360655737 0.02459016393442623 
0.5638297872340425 0.43617021276595747 
0.3888888888888889 0.6111111111111112 
0.7 0.3 
0.6428571428571429 0.35714285714285715 
0.5 0.5 
0.6184947958366693 0.38150520416333067 
